cell     run              tok/s  step_ms  acc_len  per_pos p1..p7
A        G2-full          30.02     73.1    2.201  0.624 0.312 0.142 0.058 0.030 0.011 0.005
A        G2-fast          30.41     73.0    2.227  0.633 0.330 0.142 0.061 0.028 0.011 0.004
B        G2-full          46.79     88.6    4.172  0.835 0.678 0.520 0.398 0.291 0.221 0.161
B        G2-fast          46.95     88.9    4.202  0.844 0.680 0.525 0.396 0.303 0.226 0.173
J@c1     G2-full          85.52     93.1    8.000  1.000 1.000 1.000 1.000 1.000 1.000 1.000
J@c1     G2-fast          85.13     93.5    8.000  1.000 1.000 1.000 1.000 1.000 1.000 1.000
J@c2     G2-full          71.96    110.6    8.000  1.000 1.000 1.000 1.000 1.000 1.000 1.000
J@c2     G2-fast          71.75    110.9    8.000  1.000 1.000 1.000 1.000 1.000 1.000 1.000
H        G2-full          20.72    104.7    2.166  0.611 0.313 0.143 0.056 0.020 0.009 0.004
H        G2-fast          20.77    105.1    2.184  0.621 0.317 0.145 0.059 0.024 0.009 0.004
I        G2-full          20.81    105.8    2.189  0.623 0.321 0.146 0.062 0.024 0.008 0.004
E@32k    G2-full          37.40     75.5    2.822  0.889 0.467 0.333 0.089 0.044 0.000 0.000
E@128k   G2-full          34.74     71.7    2.510  0.784 0.333 0.196 0.137 0.059 0.000 0.000
F        G2-full          36.05     75.4    2.723  0.714 0.439 0.228 0.124 0.085 0.061 0.048
G        G2-full          28.46     73.4    2.095  0.590 0.292 0.129 0.043 0.014 0.008 0.006
K@c1     G2-full          27.47     74.4    2.064  0.575 0.275 0.105 0.052 0.039 0.013 0.000
K@c1     G2-fast          26.65     74.6    2.009  0.561 0.257 0.122 0.041 0.027 0.000 0.000
K@c2     G2-full          21.62    101.9    2.225  0.652 0.376 0.115 0.050 0.029 0.004 0.000
K@c2     G2-fast          23.02     99.3    2.302  0.669 0.356 0.147 0.068 0.050 0.007 0.004
T        G2-full          36.24     75.2    2.738  0.702 0.424 0.249 0.147 0.092 0.059 0.036
