cell     run              tok/s  step_ms  acc_len  per_pos p1..p7
A        e4a-b1           28.75     79.9    2.307  0.638 0.355 0.169 0.074 0.030 0.011 0.004
A        e4a-b2           28.72     78.4    2.258  0.628 0.334 0.161 0.072 0.028 0.010 0.003
A        b1               30.31     73.2    2.227  0.619 0.321 0.153 0.070 0.028 0.010 0.004
A        b2               30.17     73.2    2.214  0.630 0.329 0.142 0.057 0.023 0.008 0.004
B        e4a-b1           45.13     91.6    4.174  0.840 0.674 0.517 0.397 0.301 0.229 0.173
B        e4a-b2           44.58     91.9    4.129  0.828 0.651 0.504 0.397 0.296 0.231 0.167
B        b1               47.02     89.3    4.215  0.835 0.667 0.530 0.409 0.317 0.235 0.169
B        b2               46.51     88.5    4.155  0.834 0.670 0.516 0.387 0.291 0.214 0.154
J@c1     e4a-b1           83.32     94.4    7.897  1.000 0.987 0.987 0.987 0.987 0.974 0.974
J@c1     e4a-b2           84.82     93.8    8.000  1.000 1.000 1.000 1.000 1.000 1.000 1.000
J@c1     b1               85.69     92.9    8.000  1.000 1.000 1.000 1.000 1.000 1.000 1.000
J@c1     b2               82.55     94.1    7.790  0.987 0.974 0.974 0.961 0.961 0.961 0.961
H        e4a-b1           19.40    114.0    2.217  0.617 0.340 0.150 0.064 0.030 0.010 0.004
H        e4a-b2           19.21    114.5    2.209  0.626 0.313 0.148 0.061 0.029 0.015 0.007
H        b1               20.80    106.2    2.209  0.630 0.323 0.154 0.064 0.022 0.009 0.004
H        b2               20.91    105.2    2.202  0.633 0.313 0.143 0.065 0.026 0.012 0.005
T        e4a-T            35.07     78.7    2.772  0.702 0.432 0.263 0.153 0.094 0.060 0.041
T        T                35.79     74.4    2.672  0.688 0.403 0.232 0.145 0.091 0.052 0.033
