cell     run              tok/s  step_ms  acc_len  per_pos p1..p7
A        G1-b1            29.73     74.3    2.215  0.636 0.324 0.146 0.058 0.025 0.006 0.004
A        G1-b2            29.30     74.1    2.176  0.622 0.311 0.145 0.054 0.020 0.008 0.004
B        G1-b1            46.62     90.1    4.241  0.855 0.675 0.520 0.407 0.312 0.228 0.164
B        G1-b2            45.97     90.7    4.206  0.833 0.665 0.517 0.393 0.306 0.246 0.190
J@c1     G1-b1            84.91     93.7    8.000  1.000 1.000 1.000 1.000 1.000 1.000 1.000
J@c1     G1-b2            84.73     93.9    8.000  1.000 1.000 1.000 1.000 1.000 1.000 1.000
J@c2     G1-b1            71.69    111.0    8.000  1.000 1.000 1.000 1.000 1.000 1.000 1.000
J@c2     G1-b2            67.53    117.8    7.948  1.000 0.993 0.993 0.993 0.993 0.987 0.987
H        G1-b1            20.39    108.0    2.194  0.609 0.320 0.151 0.065 0.021 0.008 0.005
H        G1-b2            20.75    107.6    2.234  0.636 0.331 0.151 0.066 0.024 0.009 0.005
K@c1     G1-b1            27.75     75.9    2.124  0.634 0.314 0.098 0.052 0.026 0.000 0.000
K@c1     G1-b2            31.41     74.7    2.364  0.667 0.345 0.149 0.101 0.077 0.042 0.036
K@c2     G1-b1            20.91    106.0    2.232  0.688 0.326 0.112 0.058 0.043 0.004 0.000
K@c2     G1-b2            21.87    102.8    2.266  0.675 0.368 0.130 0.043 0.040 0.004 0.000
T        G1-T             34.69     76.1    2.648  0.671 0.404 0.224 0.141 0.090 0.058 0.041
