cell     run              tok/s  step_ms  acc_len  per_pos p1..p7
A        b1               30.13     73.2    2.216  0.623 0.312 0.141 0.068 0.028 0.013 0.004
A        b2               29.95     73.4    2.209  0.624 0.317 0.151 0.064 0.024 0.007 0.004
B        b1               47.29     88.2    4.202  0.829 0.669 0.532 0.408 0.301 0.226 0.171
B        b2               45.45     88.1    4.050  0.822 0.623 0.475 0.362 0.280 0.211 0.161
J@c1     b1               84.89     93.8    8.000  1.000 1.000 1.000 1.000 1.000 1.000 1.000
J@c1     b2               85.49     93.1    8.000  1.000 1.000 1.000 1.000 1.000 1.000 1.000
J@c2     b1               71.39    111.5    8.000  1.000 1.000 1.000 1.000 1.000 1.000 1.000
J@c2     b2               67.59    117.1    7.891  1.000 0.987 0.987 0.980 0.980 0.980 0.974
H        b1               20.31    105.8    2.151  0.617 0.309 0.136 0.055 0.018 0.008 0.004
H        b2               20.72    105.2    2.178  0.625 0.320 0.143 0.051 0.020 0.009 0.004
K@c1     b1               29.68     74.9    2.243  0.625 0.316 0.147 0.081 0.051 0.015 0.000
K@c1     b2               27.87     73.2    2.060  0.556 0.288 0.118 0.052 0.039 0.000 0.000
K@c2     b1               19.99    101.6    2.046  0.584 0.268 0.106 0.045 0.035 0.003 0.000
K@c2     b2               21.19    101.2    2.160  0.664 0.311 0.104 0.045 0.035 0.000 0.000
T        T                34.49     75.2    2.607  0.660 0.390 0.220 0.134 0.084 0.055 0.031
