passed=True  weights=checkpoint  per rank (TP=2 shard), CUDA-graph replay, 50 iters
group    gemm                      n x k   M  bf16 us   GB/s  fp8 us   GB/s nvfp4 us   GB/s  fp8 fro fp4 fro/deq fp4 fro/bf16
kda_in   in_proj_qkvbfg_a     12576x4096   1    608.7  169.3   223.2  231.4    130.6  222.3 2.77e-02    2.46e-03        0.086
kda_in   in_proj_qkvbfg_a     12576x4096   8    453.2  227.3   228.7  225.9    137.7  210.9 2.83e-02    2.53e-03        0.087
kda_in   in_proj_qkvbfg_a     12576x4096  16    457.0  225.4   238.9  216.2    163.6  177.6 2.81e-02    2.51e-03        0.086
kda_in   in_proj_qkvbfg_a     12576x4096  32    464.4  221.8   240.1  215.2    148.2  196.1 2.80e-02    2.51e-03        0.086
kda_o    o_proj                4096x4096   1    199.6  168.1    75.4  222.7     45.0  209.7 2.43e-02    2.52e-03        0.087
kda_o    o_proj                4096x4096   8    149.7  224.2    75.9  221.1     45.2  208.7 2.48e-02    2.46e-03        0.086
kda_o    o_proj                4096x4096  16    150.5  222.9    76.9  218.2     46.4  203.6 2.48e-02    2.45e-03        0.087
kda_o    o_proj                4096x4096  32    156.7  214.2    78.7  213.3     49.5  190.5 2.49e-02    4.09e-03        0.086
mla      q_b_proj              8192x1536   1    145.5  173.0    57.6  218.9     34.2  206.7 2.53e-02    1.68e-03        0.082
mla      q_b_proj              8192x1536   8    118.3  212.7    58.5  215.4     35.0  202.2 2.61e-02    1.71e-03        0.084
mla      q_b_proj              8192x1536  16    116.5  215.9    59.8  210.6     36.2  195.3 2.61e-02    1.75e-03        0.084
mla      q_b_proj              8192x1536  32    125.4  200.7    62.5  201.7     40.2  176.1 2.61e-02    1.73e-03        0.084
mla      o_proj                4096x8192   1    291.1  230.6   152.3  220.4     85.5  220.8 2.63e-02    2.54e-03        0.083
mla      o_proj                4096x8192   8    294.3  228.1   150.1  223.6     86.0  219.4 2.60e-02    2.58e-03        0.082
mla      o_proj                4096x8192  16    296.3  226.5   150.6  222.9     87.1  216.8 2.58e-02    2.55e-03        0.082
mla      o_proj                4096x8192  32    306.1  219.3   156.4  214.6     91.2  206.9 2.59e-02    4.08e-03        0.083
shared   gate_up_proj          2048x4096   1    103.2  162.5    39.6  211.8     25.2  187.4 2.50e-02    2.59e-03        0.089
shared   gate_up_proj          2048x4096   8     79.2  211.9    39.8  210.7     25.4  185.9 2.49e-02    2.36e-03        0.085
shared   gate_up_proj          2048x4096  16     82.6  203.1    40.7  206.2     26.3  179.4 2.53e-02    2.38e-03        0.085
shared   gate_up_proj          2048x4096  32     80.1  209.4    41.4  202.9     27.0  174.8 2.50e-02    2.39e-03        0.085
shared   down_proj             4096x1024   1     50.5  166.0    22.0  190.8     14.0  168.7 2.67e-02    2.71e-03        0.083
shared   down_proj             4096x1024   8     39.9  210.3    22.3  188.4     14.2  165.8 2.66e-02    2.74e-03        0.083
shared   down_proj             4096x1024  16     40.3  208.2    23.2  181.1     15.0  156.8 2.70e-02    2.76e-03        0.084
shared   down_proj             4096x1024  32     44.0  190.5    26.9  156.4     18.8  125.5 2.69e-02    4.30e-03        0.083
lm_head  lm_head              77440x4096   1   3651.7  173.7  1372.0  231.3    778.0  229.3 2.80e-02    2.58e-03        0.090
lm_head  lm_head              77440x4096   8   2772.3  228.8  1389.0  228.5    778.3  229.3 2.61e-02    2.51e-03        0.085
lm_head  lm_head              77440x4096  16   2784.4  227.8  1380.8  229.8    798.7  223.4 2.67e-02    2.54e-03        0.087
lm_head  lm_head              77440x4096  32   2974.7  213.3  1402.2  226.3    816.8  218.5 2.66e-02    2.53e-03        0.086
draft    qkv_proj              3072x4096   1    152.1  165.5    57.6  218.5     34.6  204.7 2.56e-02    2.11e-03        0.084
draft    qkv_proj              3072x4096   8    114.2  220.3    58.0  216.9     34.9  203.0 2.69e-02    2.11e-03        0.086
draft    qkv_proj              3072x4096  16    114.6  219.5    59.4  211.9     35.7  198.2 2.69e-02    2.12e-03        0.087
draft    qkv_proj              3072x4096  32    118.1  213.1    57.6  218.4     35.2  200.8 2.67e-02    4.04e-03        0.086
draft    o_proj                4096x2048   1    101.5  165.3    39.5  212.4     24.4  193.1 2.58e-02    2.54e-03        0.085
draft    o_proj                4096x2048   8     79.8  210.3    39.9  210.2     24.8  190.5 2.66e-02    2.58e-03        0.086
draft    o_proj                4096x2048  16     78.4  214.1    40.8  206.0     25.7  183.8 2.65e-02    2.59e-03        0.086
draft    o_proj                4096x2048  32     83.0  202.2    43.9  191.5     29.1  162.1 2.68e-02    4.29e-03        0.086
draft    gate_up_proj         12288x4096   1    585.9  171.8   220.6  228.3    125.1  226.3 2.62e-02    2.85e-03        0.085
draft    gate_up_proj         12288x4096   8    447.1  225.2   222.1  226.7    125.8  225.1 2.66e-02    2.81e-03        0.086
draft    gate_up_proj         12288x4096  16    450.3  223.6   220.9  228.0    127.7  221.7 2.65e-02    2.81e-03        0.086
draft    gate_up_proj         12288x4096  32    450.8  223.3   223.5  225.3    132.1  214.4 2.66e-02    2.80e-03        0.086
draft    down_proj             4096x6144   1    221.9  226.8   114.1  220.7     64.8  218.6 2.64e-02    2.50e-03        0.084
draft    down_proj             4096x6144   8    224.9  223.8   114.3  220.3     70.9  199.5 2.66e-02    2.51e-03        0.086
draft    down_proj             4096x6144  16    228.7  220.1   112.9  222.9     67.8  208.7 2.65e-02    2.50e-03        0.086
draft    down_proj             4096x6144  32    230.8  218.1   118.5  212.5     69.9  202.4 2.67e-02    4.21e-03        0.086
draft    kernel_projection     1024x4096   1     53.7  156.2    21.9  191.3     14.7  160.2 2.69e-02    2.56e-03        0.086
draft    kernel_projection     1024x4096   8     44.9  186.6    22.1  190.1     14.8  159.5 2.65e-02    2.69e-03        0.086
draft    kernel_projection     1024x4096  16     44.9  186.7    22.6  186.1     15.4  153.5 2.61e-02    2.61e-03        0.086
draft    kernel_projection     1024x4096  32     41.2  203.5    23.5  178.6     16.1  146.6 2.66e-02    2.65e-03        0.086
draft    fc                   4096x20480   1    728.7  230.2   367.8  228.1    208.1  226.8 2.57e-02    2.86e-03        0.085
draft    fc                   4096x20480   8    742.3  226.0   370.3  226.5    212.5  222.0 2.64e-02    2.86e-03        0.086
draft    fc                   4096x20480  16    761.8  220.2   374.4  224.1    225.0  209.7 2.69e-02    2.88e-03        0.087
draft    fc                   4096x20480  32    761.8  220.2   376.7  222.7    224.8  209.9 2.68e-02    4.38e-03        0.087
draft    hidden_projection      256x4096   1     10.5  199.0    11.7   89.7     11.5   51.2 2.51e-02    0.00e+00        0.086
draft    hidden_projection      256x4096   8     12.9  162.4    11.7   89.9     11.6   51.0 2.70e-02    2.59e-03        0.086
draft    hidden_projection      256x4096  16     13.0  160.7    13.9   75.7     14.1   41.8 2.57e-02    2.52e-03        0.086
draft    hidden_projection      256x4096  32     12.2  172.4    15.1   69.5     15.0   39.4 2.64e-02    0.00e+00        0.086

count-weighted per step (ms, one rank)
group      M    bf16     fp8   nvfp4 fp8/bf16  fp4/fp8  gate
draft      1    6.58    2.76    1.61    0.419    0.584  info
draft      8    5.53    2.77    1.65    0.501    0.596  PASS
draft     16    5.58    2.78    1.68    0.499    0.602  PASS
draft     32    5.60    2.84    1.73    0.508    0.609  info
shared     1    6.46    2.59    1.65    0.401    0.635  info
shared     8    5.00    2.61    1.66    0.522    0.638  PASS
shared    16    5.16    2.68    1.74    0.520    0.647  PASS
shared    32    5.21    2.87    1.92    0.550    0.671  info
mla        1    4.80    2.31    1.32    0.481    0.570  info
mla        8    4.54    2.29    1.33    0.506    0.580  PASS
mla       16    4.54    2.31    1.36    0.510    0.586  PASS
mla       32    4.75    2.41    1.45    0.507    0.601  info
kda_o      1    6.79    2.56    1.53    0.378    0.597  info
kda_o      8    5.09    2.58    1.54    0.507    0.596  PASS
kda_o     16    5.12    2.62    1.58    0.511    0.603  PASS
kda_o     32    5.33    2.68    1.68    0.502    0.629  info
kda_in     1   20.69    7.59    4.44    0.367    0.585  info
kda_in     8   15.41    7.78    4.68    0.505    0.602  PASS
kda_in    16   15.54    8.12    5.56    0.523    0.685  PASS
kda_in    32   15.79    8.16    5.04    0.517    0.617  info
lm_head    1    7.30    2.74    1.56    0.376    0.567  info
lm_head    8    5.54    2.78    1.56    0.501    0.560  PASS
lm_head   16    5.57    2.76    1.60    0.496    0.578  PASS
lm_head   32    5.95    2.80    1.63    0.471    0.582  info
ALL        1   52.63   20.55   12.10    0.391    0.589
ALL        8   41.11   20.81   12.43    0.506    0.597
ALL       16   41.51   21.28   13.50    0.513    0.635
ALL       32   42.63   21.76   13.46    0.511    0.618
