ruler=v2 ts=2026-09-27T14:23:33Z git=682ddce3ecb3d7b518f3eafb5089dbedc21979c0 model=nvidia/GLM-5.3-Flash-NVFP4

group    c  n   tok/s    sd acc_len step_ms ttft_med    agg prefill  sanity  valid  per_pos
A        1  8   19.66  2.13   2.271   115.3    0.344      -     187   0.008     ok  0.624 0.338 0.167 0.070 0.030 0.012 0.005
B        1  8   34.39  4.41   4.168   120.1    0.347      -     176   0.014     ok  0.828 0.663 0.511 0.390 0.308 0.226 0.166
J@c1     1  3   68.84  0.18   8.000   115.6    0.324      -     159   0.005     ok  1.000 1.000 1.000 1.000 1.000 1.000 1.000
J@c2     2  3   56.90  3.18   7.884   137.5    0.369 113.10     143   0.015     ok  1.000 0.980 0.980 0.980 0.980 0.980 0.980
H        2  4   14.04  1.03   2.273   161.8    0.414  26.93     146   0.005     ok  0.641 0.348 0.163 0.067 0.028 0.013 0.005
K@c1     1  3   19.20  1.22   2.270   117.1    0.331      -     163   0.010     ok  0.662 0.316 0.140 0.081 0.051 0.015 0.000
K@c2     2  3   15.02  0.24   2.287   150.9    0.347  28.58     147   0.010     ok  0.646 0.314 0.139 0.095 0.066 0.022 0.000

failed_cells: [] hygiene_unverified: []
wave-level problems: none
