cell     run              tok/s  step_ms  acc_len  per_pos p1..p7
A        e1a-b1           19.22    120.6    2.316  0.649 0.346 0.170 0.080 0.034 0.016 0.008  INVALID local swap +162 MiB
A        e1a-b2           19.05    117.4    2.241  0.634 0.319 0.151 0.062 0.025 0.015 0.006
A        e1a-b3A          18.94    116.9    2.221  0.615 0.316 0.155 0.073 0.026 0.010 0.004
A        e1b-b1           19.51    115.4    2.257  0.632 0.321 0.160 0.068 0.033 0.015 0.005
A        e1b-b2           18.18    118.8    2.159  0.612 0.296 0.139 0.063 0.020 0.010 0.004
B        e1a-b1           33.16    126.9    4.230  0.843 0.663 0.523 0.409 0.324 0.244 0.173
B        e1a-b2           33.68    122.1    4.130  0.817 0.648 0.505 0.382 0.300 0.236 0.164
B        e1b-b1           35.53    120.2    4.290  0.812 0.668 0.528 0.421 0.327 0.258 0.187
B        e1b-b2           34.79    120.8    4.209  0.824 0.670 0.514 0.400 0.307 0.247 0.181
J@c1     e1a-b1           66.06    120.5    8.000  1.000 1.000 1.000 1.000 1.000 1.000 1.000
J@c1     e1a-b2           67.40    116.6    7.949  1.000 1.000 1.000 0.987 0.987 0.987 0.987
J@c1     e1b-b1           68.65    116.0    8.000  1.000 1.000 1.000 1.000 1.000 1.000 1.000
J@c1     e1b-b2           68.72    115.8    8.000  1.000 1.000 1.000 1.000 1.000 1.000 1.000
J@c2     e1a-b1           48.34    166.2    7.820  1.000 0.974 0.974 0.968 0.968 0.968 0.968
J@c2     e1a-b2           57.49    137.8    7.961  1.000 0.993 0.993 0.993 0.993 0.993 0.993
J@c2     e1b-b1           58.29    135.7    7.974  1.000 1.000 1.000 0.993 0.993 0.993 0.993
J@c2     e1b-b2           59.36    134.1    8.000  1.000 1.000 1.000 1.000 1.000 1.000 1.000
H        e1a-b1           13.67    165.5    2.261  0.626 0.339 0.168 0.072 0.029 0.013 0.005
H        e1a-b2           13.63    167.2    2.277  0.629 0.355 0.164 0.068 0.033 0.014 0.008
H        e1b-b1           13.36    167.3    2.235  0.619 0.321 0.161 0.073 0.032 0.014 0.006
H        e1b-b2           13.73    161.4    2.215  0.633 0.321 0.147 0.062 0.029 0.014 0.006
K@c1     e1a-b1           19.34    116.3    2.269  0.613 0.373 0.173 0.067 0.027 0.000 0.000
K@c1     e1a-b2           18.60    121.1    2.270  0.643 0.393 0.121 0.064 0.029 0.007 0.007
K@c1     e1b-b1           21.18    117.4    2.511  0.698 0.389 0.222 0.111 0.071 0.016 0.000
K@c1     e1b-b2           18.36    116.9    2.168  0.593 0.324 0.124 0.069 0.034 0.007 0.007
K@c2     e1a-b1           14.20    158.7    2.265  0.646 0.321 0.134 0.082 0.056 0.019 0.004
K@c2     e1a-b2           15.94    154.0    2.485  0.667 0.358 0.167 0.125 0.090 0.052 0.045
K@c2     e1b-b1           13.98    154.7    2.169  0.614 0.307 0.134 0.069 0.045 0.000 0.000
K@c2     e1b-b2           14.33    154.0    2.223  0.614 0.320 0.132 0.092 0.066 0.000 0.000
