cell     run              tok/s  step_ms  acc_len  per_pos p1..p7
A        e0-b1            19.79    115.3    2.285  0.640 0.345 0.169 0.065 0.029 0.012 0.003
A        e0-b2            19.66    115.3    2.271  0.624 0.338 0.167 0.070 0.030 0.012 0.005
A        e1a-b1           19.22    120.6    2.316  0.649 0.346 0.170 0.080 0.034 0.016 0.008  INVALID local swap +162 MiB
A        e1a-b2           19.05    117.4    2.241  0.634 0.319 0.151 0.062 0.025 0.015 0.006
A        e1a-b3A          18.94    116.9    2.221  0.615 0.316 0.155 0.073 0.026 0.010 0.004
B        e0-b1            34.90    120.0    4.207  0.817 0.657 0.515 0.406 0.322 0.238 0.182
B        e0-b2            34.39    120.1    4.168  0.828 0.663 0.511 0.390 0.308 0.226 0.166
B        e1a-b1           33.16    126.9    4.230  0.843 0.663 0.523 0.409 0.324 0.244 0.173
B        e1a-b2           33.68    122.1    4.130  0.817 0.648 0.505 0.382 0.300 0.236 0.164
J@c1     e0-b1            68.89    115.5    8.000  1.000 1.000 1.000 1.000 1.000 1.000 1.000
J@c1     e0-b2            68.84    115.6    8.000  1.000 1.000 1.000 1.000 1.000 1.000 1.000
J@c1     e1a-b1           66.06    120.5    8.000  1.000 1.000 1.000 1.000 1.000 1.000 1.000
J@c1     e1a-b2           67.40    116.6    7.949  1.000 1.000 1.000 0.987 0.987 0.987 0.987
J@c2     e0-b1            55.50    141.9    7.922  1.000 0.987 0.987 0.987 0.987 0.987 0.987
J@c2     e0-b2            56.90    137.5    7.884  1.000 0.980 0.980 0.980 0.980 0.980 0.980
J@c2     e1a-b1           48.34    166.2    7.820  1.000 0.974 0.974 0.968 0.968 0.968 0.968
J@c2     e1a-b2           57.49    137.8    7.961  1.000 0.993 0.993 0.993 0.993 0.993 0.993
H        e0-b1            13.69    161.1    2.207  0.638 0.323 0.149 0.057 0.021 0.008 0.004
H        e0-b2            14.04    161.8    2.273  0.641 0.348 0.163 0.067 0.028 0.013 0.005
H        e1a-b1           13.67    165.5    2.261  0.626 0.339 0.168 0.072 0.029 0.013 0.005
H        e1a-b2           13.63    167.2    2.277  0.629 0.355 0.164 0.068 0.033 0.014 0.008
K@c1     e0-b1            18.67    116.6    2.198  0.585 0.331 0.148 0.085 0.049 0.000 0.000
K@c1     e0-b2            19.20    117.1    2.270  0.662 0.316 0.140 0.081 0.051 0.015 0.000
K@c1     e1a-b1           19.34    116.3    2.269  0.613 0.373 0.173 0.067 0.027 0.000 0.000
K@c1     e1a-b2           18.60    121.1    2.270  0.643 0.393 0.121 0.064 0.029 0.007 0.007
K@c2     e0-b1            15.73    142.1    2.246  0.637 0.307 0.126 0.089 0.063 0.011 0.000
K@c2     e0-b2            15.02    150.9    2.287  0.646 0.314 0.139 0.095 0.066 0.022 0.000
K@c2     e1a-b1           14.20    158.7    2.265  0.646 0.321 0.134 0.082 0.056 0.019 0.004
K@c2     e1a-b2           15.94    154.0    2.485  0.667 0.358 0.167 0.125 0.090 0.052 0.045
