cell     run              tok/s  step_ms  acc_len  per_pos p1..p7
A        e3b-b1           23.11     96.4    2.236  0.628 0.315 0.151 0.070 0.030 0.011 0.006
A        e3b-b2           22.90     96.2    2.209  0.642 0.313 0.145 0.065 0.021 0.009 0.004
A        b1               28.75     79.9    2.307  0.638 0.355 0.169 0.074 0.030 0.011 0.004
A        b2               28.72     78.4    2.258  0.628 0.334 0.161 0.072 0.028 0.010 0.003
B        e3b-b1           36.38    110.2    4.052  0.820 0.648 0.475 0.364 0.285 0.214 0.149
B        e3b-b2           37.71    111.0    4.217  0.834 0.656 0.536 0.410 0.307 0.237 0.168
B        b1               45.13     91.6    4.174  0.840 0.674 0.517 0.397 0.301 0.229 0.173
B        b2               44.58     91.9    4.129  0.828 0.651 0.504 0.397 0.296 0.231 0.167
J@c1     e3b-b1           71.30    111.6    8.000  1.000 1.000 1.000 1.000 1.000 1.000 1.000
J@c1     e3b-b2           71.70    111.0    8.000  1.000 1.000 1.000 1.000 1.000 1.000 1.000
J@c1     b1               83.32     94.4    7.897  1.000 0.987 0.987 0.987 0.987 0.974 0.974
J@c1     b2               84.82     93.8    8.000  1.000 1.000 1.000 1.000 1.000 1.000 1.000
J@c2     e3b-b1           60.80    130.9    8.000  1.000 1.000 1.000 1.000 1.000 1.000 1.000
J@c2     e3b-b2           61.04    130.4    8.000  1.000 1.000 1.000 1.000 1.000 1.000 1.000
J@c2     b1               71.78    110.9    8.000  1.000 1.000 1.000 1.000 1.000 1.000 1.000
J@c2     b2               71.56    111.2    8.000  1.000 1.000 1.000 1.000 1.000 1.000 1.000
H        e3b-b1           17.21    132.3    2.273  0.632 0.342 0.169 0.075 0.031 0.012 0.004
H        e3b-b2           16.83    131.3    2.207  0.619 0.317 0.150 0.070 0.031 0.012 0.005
H        b1               19.40    114.0    2.217  0.617 0.340 0.150 0.064 0.030 0.010 0.004
H        b2               19.21    114.5    2.209  0.626 0.313 0.148 0.061 0.029 0.015 0.007
T        e3b-T            27.97     96.6    2.712  0.682 0.405 0.242 0.149 0.096 0.061 0.037
T        T                35.07     78.7    2.772  0.702 0.432 0.263 0.153 0.094 0.060 0.041
