group    tensor (512 rows)                             K         fp8      nvfp4       int8 int8 bf16*   int8 g64  int4 amax       int4   int4 g64
kda_in   e_model.layers.5.self_attn.q_proj.weight   4096      0.0288     0.0858     0.0066     0.0071     0.0061     0.1200     0.1046     0.0971
           out, Gaussian X                                    0.0289     0.0859     0.0067     0.0071     0.0061     0.1214     0.1058     0.0980
kda_in   _model.layers.40.self_attn.v_proj.weight   4096      0.0265     0.0858     0.0067     0.0071     0.0061     0.1201     0.1047     0.0970
           out, Gaussian X                                    0.0263     0.0848     0.0067     0.0071     0.0061     0.1199     0.1035     0.0955
kda_o    e_model.layers.5.self_attn.o_proj.weight   8192      0.0260     0.0857     0.0068     0.0072     0.0063     0.1237     0.1083     0.0999
           out, Gaussian X                                    0.0259     0.0850     0.0068     0.0071     0.0062     0.1229     0.1074     0.0993
kda_o    _model.layers.40.self_attn.o_proj.weight   8192      0.0262     0.0857     0.0068     0.0072     0.0062     0.1217     0.1061     0.0982
           out, Gaussian X                                    0.0264     0.0852     0.0067     0.0071     0.0061     0.1206     0.1059     0.0986
mla      model.layers.3.self_attn.q_b_proj.weight   1536      0.0261     0.0844     0.0073     0.0075     0.0066     0.1353     0.1177     0.1077
           out, Gaussian X                                    0.0258     0.0842     0.0073     0.0074     0.0066     0.1339     0.1177     0.1067
mla      _model.layers.39.self_attn.o_proj.weight  16384      0.0246     0.0827     0.0067     0.0070     0.0061     0.1203     0.1035     0.0961
           out, Gaussian X                                    0.0247     0.0825     0.0067     0.0070     0.0061     0.1197     0.1036     0.0967
shared   rs.3.mlp.shared_experts.down_proj.weight   2048      0.0261     0.0832     0.0068     0.0070     0.0062     0.1250     0.1078     0.0998
           out, Gaussian X                                    0.0260     0.0829     0.0068     0.0069     0.0062     0.1243     0.1083     0.0994
shared   s.40.mlp.shared_experts.gate_proj.weight   4096      0.0239     0.0847     0.0067     0.0069     0.0061     0.1205     0.1045     0.0969
           out, Gaussian X                                    0.0236     0.0847     0.0066     0.0069     0.0061     0.1198     0.1040     0.0953
lm_head  lm_head.weight                             4096      0.0264     0.0860     0.0067     0.0069     0.0061     0.1207     0.1065     0.0982
           out, Gaussian X                                    0.0263     0.0854     0.0066     0.0069     0.0060     0.1201     0.1068     0.0974
draft    layers.0.mlp.gate_proj.weight              4096      0.0264     0.0860     0.0066     0.0067     0.0060     0.1192     0.1052     0.0974
           out, Gaussian X                                    0.0261     0.0855     0.0066     0.0068     0.0060     0.1182     0.1042     0.0960
draft    layers.4.self_attn.o_proj.weight           4096      0.0264     0.0860     0.0065     0.0067     0.0059     0.1169     0.1033     0.0962
           out, Gaussian X                                    0.0266     0.0859     0.0064     0.0067     0.0060     0.1172     0.1031     0.0964
draft    fc.weight                                 20480      0.0265     0.0859     0.0066     0.0068     0.0060     0.1193     0.1053     0.0976
           out, Gaussian X                                    0.0266     0.0858     0.0066     0.0068     0.0061     0.1192     0.1059     0.0981

per group (mean weight error over its tensors)
group            fp8      nvfp4       int8 int8 bf16*   int8 g64  int4 amax       int4   int4 g64
kda_in        0.0277     0.0858     0.0067     0.0071     0.0061     0.1201     0.1047     0.0971
kda_o         0.0261     0.0857     0.0068     0.0072     0.0062     0.1227     0.1072     0.0990
mla           0.0253     0.0835     0.0070     0.0072     0.0064     0.1278     0.1106     0.1019
shared        0.0250     0.0839     0.0067     0.0069     0.0062     0.1228     0.1061     0.0983
lm_head       0.0264     0.0860     0.0067     0.0069     0.0061     0.1207     0.1065     0.0982
draft         0.0264     0.0860     0.0065     0.0067     0.0060     0.1185     0.1046     0.0971

read 79.5 MiB from safetensors
